1.999999999999999556e-01
2.199999999999999734e-01
2.399999999999999911e-01
3.699999999999999956e-01
1.300000000000000044e-01
2.800000000000000266e-01
3.199999999999999512e-01
2.900000000000000355e-01
2.399999999999999911e-01
3.399999999999999689e-01
2.099999999999999645e-01
2.600000000000000089e-01
2.500000000000000000e-01
3.199999999999999512e-01
2.399999999999999911e-01
2.999999999999999334e-01
2.900000000000000355e-01
1.999999999999999556e-01
2.999999999999999334e-01
1.799999999999999378e-01
2.399999999999999911e-01
3.299999999999999600e-01
2.800000000000000266e-01
2.999999999999999334e-01
3.199999999999999512e-01
2.199999999999999734e-01
2.099999999999999645e-01
2.700000000000000178e-01
2.099999999999999645e-01
2.900000000000000355e-01
2.600000000000000089e-01
3.199999999999999512e-01
2.600000000000000089e-01
2.900000000000000355e-01
3.099999999999999423e-01
3.099999999999999423e-01
2.500000000000000000e-01
2.500000000000000000e-01
2.900000000000000355e-01
2.500000000000000000e-01
2.199999999999999734e-01
3.399999999999999689e-01
2.500000000000000000e-01
2.800000000000000266e-01
2.500000000000000000e-01
2.500000000000000000e-01
2.800000000000000266e-01
3.199999999999999512e-01
2.099999999999999645e-01
2.800000000000000266e-01
2.500000000000000000e-01
2.700000000000000178e-01
2.199999999999999734e-01
1.999999999999999556e-01
3.099999999999999423e-01
2.099999999999999645e-01
2.800000000000000266e-01
1.799999999999999378e-01
2.800000000000000266e-01
2.099999999999999645e-01
2.800000000000000266e-01
2.500000000000000000e-01
2.999999999999999334e-01
2.299999999999999822e-01
3.099999999999999423e-01
2.900000000000000355e-01
2.800000000000000266e-01
2.999999999999999334e-01
2.999999999999999334e-01
2.199999999999999734e-01
2.800000000000000266e-01
3.599999999999999867e-01
2.800000000000000266e-01
2.800000000000000266e-01
2.700000000000000178e-01
2.800000000000000266e-01
2.800000000000000266e-01
2.399999999999999911e-01
2.199999999999999734e-01
2.700000000000000178e-01
2.199999999999999734e-01
2.600000000000000089e-01
2.199999999999999734e-01
3.399999999999999689e-01
2.199999999999999734e-01
2.700000000000000178e-01
2.399999999999999911e-01
2.199999999999999734e-01
2.199999999999999734e-01
1.999999999999999556e-01
2.900000000000000355e-01
2.600000000000000089e-01
1.999999999999999556e-01
2.600000000000000089e-01
2.700000000000000178e-01
1.899999999999999467e-01
2.299999999999999822e-01
2.500000000000000000e-01
1.600000000000000311e-01
2.800000000000000266e-01
2.299999999999999822e-01
2.700000000000000178e-01
2.399999999999999911e-01
2.299999999999999822e-01
2.500000000000000000e-01
2.600000000000000089e-01
2.500000000000000000e-01
2.800000000000000266e-01
1.999999999999999556e-01
2.900000000000000355e-01
1.899999999999999467e-01
2.500000000000000000e-01
2.500000000000000000e-01
2.099999999999999645e-01
2.700000000000000178e-01
2.199999999999999734e-01
2.399999999999999911e-01
2.800000000000000266e-01
2.900000000000000355e-01
2.999999999999999334e-01
2.299999999999999822e-01
3.199999999999999512e-01
2.500000000000000000e-01
2.600000000000000089e-01
1.600000000000000311e-01
2.600000000000000089e-01
3.099999999999999423e-01
1.699999999999999289e-01
1.899999999999999467e-01
3.299999999999999600e-01
2.500000000000000000e-01
2.800000000000000266e-01
2.600000000000000089e-01
2.600000000000000089e-01
2.600000000000000089e-01
1.799999999999999378e-01
2.199999999999999734e-01
2.399999999999999911e-01
2.600000000000000089e-01
2.999999999999999334e-01
1.999999999999999556e-01
2.199999999999999734e-01
2.500000000000000000e-01
3.699999999999999956e-01
2.999999999999999334e-01
2.600000000000000089e-01
2.900000000000000355e-01
2.299999999999999822e-01
1.999999999999999556e-01
2.199999999999999734e-01
2.600000000000000089e-01
2.600000000000000089e-01
2.800000000000000266e-01
2.299999999999999822e-01
2.399999999999999911e-01
2.199999999999999734e-01
1.899999999999999467e-01
3.099999999999999423e-01
3.199999999999999512e-01
2.299999999999999822e-01
2.800000000000000266e-01
2.800000000000000266e-01
2.700000000000000178e-01
1.799999999999999378e-01
2.399999999999999911e-01
2.299999999999999822e-01
1.899999999999999467e-01
2.700000000000000178e-01
3.099999999999999423e-01
2.500000000000000000e-01
2.600000000000000089e-01
2.700000000000000178e-01
2.600000000000000089e-01
2.500000000000000000e-01
2.099999999999999645e-01
3.099999999999999423e-01
2.600000000000000089e-01
2.299999999999999822e-01
3.099999999999999423e-01
2.099999999999999645e-01
1.999999999999999556e-01
2.299999999999999822e-01
1.600000000000000311e-01
1.999999999999999556e-01
3.099999999999999423e-01
2.099999999999999645e-01
2.800000000000000266e-01
3.199999999999999512e-01
2.099999999999999645e-01
2.399999999999999911e-01
2.900000000000000355e-01
2.600000000000000089e-01
1.600000000000000311e-01
2.800000000000000266e-01
2.299999999999999822e-01
2.399999999999999911e-01
2.800000000000000266e-01
2.600000000000000089e-01
2.999999999999999334e-01
3.099999999999999423e-01
2.199999999999999734e-01
2.299999999999999822e-01
3.099999999999999423e-01
2.500000000000000000e-01
2.900000000000000355e-01
2.399999999999999911e-01
2.299999999999999822e-01
1.600000000000000311e-01
2.600000000000000089e-01
1.699999999999999289e-01
3.399999999999999689e-01
3.299999999999999600e-01
2.399999999999999911e-01
2.299999999999999822e-01
2.700000000000000178e-01
3.199999999999999512e-01
1.999999999999999556e-01
1.799999999999999378e-01
2.800000000000000266e-01
2.600000000000000089e-01
2.900000000000000355e-01
2.700000000000000178e-01
2.299999999999999822e-01
2.500000000000000000e-01
2.800000000000000266e-01
2.399999999999999911e-01
3.399999999999999689e-01
3.099999999999999423e-01
2.700000000000000178e-01
2.399999999999999911e-01
2.800000000000000266e-01
2.500000000000000000e-01
2.999999999999999334e-01
2.299999999999999822e-01
2.800000000000000266e-01
4.299999999999999378e-01
2.199999999999999734e-01
2.299999999999999822e-01
2.399999999999999911e-01
2.600000000000000089e-01
2.099999999999999645e-01
2.600000000000000089e-01
2.999999999999999334e-01
2.199999999999999734e-01
2.700000000000000178e-01
2.199999999999999734e-01
3.299999999999999600e-01
2.299999999999999822e-01
2.800000000000000266e-01
2.700000000000000178e-01
2.399999999999999911e-01
2.900000000000000355e-01
2.199999999999999734e-01
3.299999999999999600e-01
3.299999999999999600e-01
3.599999999999999867e-01
3.199999999999999512e-01
2.900000000000000355e-01
2.299999999999999822e-01
2.299999999999999822e-01
2.500000000000000000e-01
3.599999999999999867e-01
2.500000000000000000e-01
2.399999999999999911e-01
2.500000000000000000e-01
2.299999999999999822e-01
3.599999999999999867e-01
2.299999999999999822e-01
2.299999999999999822e-01
1.899999999999999467e-01
2.800000000000000266e-01
2.600000000000000089e-01
3.699999999999999956e-01
2.800000000000000266e-01
2.600000000000000089e-01
2.500000000000000000e-01
2.399999999999999911e-01
3.900000000000000133e-01
2.199999999999999734e-01
2.800000000000000266e-01
2.199999999999999734e-01
3.199999999999999512e-01
1.899999999999999467e-01
2.800000000000000266e-01
2.800000000000000266e-01
2.500000000000000000e-01
2.700000000000000178e-01
2.399999999999999911e-01
2.199999999999999734e-01
3.099999999999999423e-01
2.700000000000000178e-01
2.099999999999999645e-01
1.799999999999999378e-01
2.600000000000000089e-01
2.800000000000000266e-01
2.999999999999999334e-01
1.999999999999999556e-01
2.199999999999999734e-01
2.099999999999999645e-01
2.199999999999999734e-01
2.199999999999999734e-01
1.999999999999999556e-01
2.600000000000000089e-01
3.399999999999999689e-01
2.199999999999999734e-01
2.299999999999999822e-01
2.700000000000000178e-01
2.999999999999999334e-01
2.199999999999999734e-01
2.299999999999999822e-01
3.099999999999999423e-01
2.199999999999999734e-01
2.299999999999999822e-01
2.600000000000000089e-01
2.500000000000000000e-01
2.399999999999999911e-01
2.999999999999999334e-01
1.999999999999999556e-01
2.900000000000000355e-01
3.099999999999999423e-01
1.899999999999999467e-01
2.500000000000000000e-01
2.999999999999999334e-01
2.299999999999999822e-01
2.399999999999999911e-01
2.700000000000000178e-01
2.500000000000000000e-01
2.600000000000000089e-01
1.899999999999999467e-01
2.999999999999999334e-01
3.199999999999999512e-01
2.299999999999999822e-01
2.199999999999999734e-01
2.600000000000000089e-01
1.999999999999999556e-01
2.500000000000000000e-01
2.700000000000000178e-01
2.500000000000000000e-01
2.299999999999999822e-01
2.399999999999999911e-01
2.099999999999999645e-01
2.800000000000000266e-01
2.600000000000000089e-01
2.700000000000000178e-01
2.800000000000000266e-01
2.700000000000000178e-01
3.299999999999999600e-01
2.700000000000000178e-01
2.700000000000000178e-01
2.199999999999999734e-01
2.299999999999999822e-01
2.600000000000000089e-01
3.199999999999999512e-01
3.099999999999999423e-01
2.500000000000000000e-01
2.500000000000000000e-01
2.999999999999999334e-01
2.199999999999999734e-01
2.500000000000000000e-01
2.700000000000000178e-01
2.199999999999999734e-01
2.099999999999999645e-01
2.500000000000000000e-01
2.800000000000000266e-01
1.999999999999999556e-01
2.099999999999999645e-01
3.099999999999999423e-01
2.600000000000000089e-01
2.999999999999999334e-01
2.999999999999999334e-01
3.299999999999999600e-01
2.399999999999999911e-01
2.199999999999999734e-01
2.500000000000000000e-01
2.800000000000000266e-01
2.600000000000000089e-01
2.500000000000000000e-01
2.900000000000000355e-01
3.599999999999999867e-01
1.999999999999999556e-01
2.800000000000000266e-01
2.299999999999999822e-01
2.700000000000000178e-01
2.199999999999999734e-01
2.199999999999999734e-01
3.099999999999999423e-01
2.600000000000000089e-01
2.199999999999999734e-01
2.299999999999999822e-01
3.399999999999999689e-01
2.700000000000000178e-01
2.800000000000000266e-01
2.600000000000000089e-01
2.900000000000000355e-01
2.700000000000000178e-01
1.999999999999999556e-01
2.700000000000000178e-01
2.099999999999999645e-01
2.500000000000000000e-01
2.399999999999999911e-01
3.499999999999999778e-01
2.500000000000000000e-01
2.199999999999999734e-01
3.199999999999999512e-01
2.099999999999999645e-01
2.199999999999999734e-01
2.900000000000000355e-01
2.800000000000000266e-01
3.499999999999999778e-01
2.099999999999999645e-01
3.399999999999999689e-01
3.699999999999999956e-01
1.999999999999999556e-01
1.600000000000000311e-01
3.299999999999999600e-01
2.199999999999999734e-01
2.500000000000000000e-01
2.500000000000000000e-01
2.099999999999999645e-01
2.999999999999999334e-01
2.299999999999999822e-01
2.999999999999999334e-01
2.999999999999999334e-01
2.500000000000000000e-01
1.999999999999999556e-01
2.900000000000000355e-01
3.499999999999999778e-01
2.700000000000000178e-01
1.899999999999999467e-01
2.700000000000000178e-01
2.900000000000000355e-01
2.600000000000000089e-01
2.199999999999999734e-01
2.399999999999999911e-01
2.999999999999999334e-01
3.199999999999999512e-01
2.199999999999999734e-01
2.700000000000000178e-01
2.900000000000000355e-01
3.099999999999999423e-01
3.199999999999999512e-01
2.099999999999999645e-01
2.299999999999999822e-01
2.900000000000000355e-01
2.299999999999999822e-01
1.999999999999999556e-01
1.500000000000000222e-01
2.099999999999999645e-01
2.800000000000000266e-01
2.600000000000000089e-01
2.900000000000000355e-01
2.700000000000000178e-01
2.999999999999999334e-01
2.999999999999999334e-01
1.799999999999999378e-01
2.700000000000000178e-01
2.299999999999999822e-01
2.500000000000000000e-01
2.500000000000000000e-01
2.900000000000000355e-01
3.099999999999999423e-01
2.700000000000000178e-01
1.799999999999999378e-01
2.099999999999999645e-01
2.900000000000000355e-01
2.800000000000000266e-01
2.199999999999999734e-01
1.899999999999999467e-01
3.699999999999999956e-01
1.999999999999999556e-01
3.599999999999999867e-01
2.800000000000000266e-01
2.600000000000000089e-01
2.500000000000000000e-01
1.799999999999999378e-01
2.999999999999999334e-01
2.399999999999999911e-01
2.600000000000000089e-01
2.800000000000000266e-01
3.099999999999999423e-01
2.900000000000000355e-01
1.999999999999999556e-01
2.600000000000000089e-01
1.899999999999999467e-01
1.999999999999999556e-01
3.099999999999999423e-01
1.999999999999999556e-01
1.999999999999999556e-01
2.500000000000000000e-01
2.500000000000000000e-01
2.700000000000000178e-01
1.899999999999999467e-01
2.199999999999999734e-01
3.299999999999999600e-01
2.500000000000000000e-01
1.999999999999999556e-01
3.199999999999999512e-01
2.700000000000000178e-01
2.099999999999999645e-01
2.500000000000000000e-01
